0.
754 329    0.254 -0.171
587 337    0.087 -0.163
437 337   -0.063 -0.163
416 483   -0.084 -0.017
429 641   -0.071 0.141
579 654   0.079 0.154
604 512   0.104 0.012
716 500   0.216 0
741 670   0.241 0.17

1.
541 429    0.254 -0.171
441 479    0.087 -0.163
458 641   -0.063 -0.163
604 604   -0.084 -0.017
666 429   -0.071 0.141
541 379   0.079 0.154
458 537   0.104 0.012
616 558   0.216 0
604 483   0.241 0.17

2.
654 787   0.154 0.287
604 775   0.104 0.275
470 795   -0.03 0.295
420 833   -0.08 0.333
387 879   -0.113 0.379
420 920   -0.08 0.42
575 912   0.075 0.412

3.
829 716   0.329 0.216
887 679   0.387 0.179
950 566    0.45 0.066
983 441    0.483 -0.059
979 345    0.479 -0.155
920 225     0.42 -0.275
925 150   0.425 -0.35

4.
450 833   -0.05 0.333
254 745   -0.246 0.245
204 616   -0.296 0.116
216 441   -0.284 -0.059
300 241     -0.2 -0.259
491 108   -0.009 -0.392
716 208    0.216 -0.292
837 366    0.337 -0.134
862 541   0.362 0.041
870 741    0.37 0.241
741 829   0.241 0.329
679 845   0.179 0.345

5.
545 937   0.045 0.437
545 833   0.045 0.333
545 733   0.045 0.233
550 616    0.05 0.116
550 491     0.05 -0.009
558 391    0.058 -0.109

6.
233 62   -0.267 -0.438
408 62   -0.092 -0.438
491 58   -0.009 -0.442
612 91    0.112 -0.409
750 100   0.25 -0.4
804 95    0.304 -0.405
870 116     0.37 -0.384
908 187    0.408 -0.313
908 225    0.408 -0.275
775 225    0.275 -0.275
579 225    0.079 -0.275
462 254   -0.038 -0.246
333 266   -0.167 -0.234
204 287   -0.296 -0.213
170 358    -0.33 -0.142
204 412   -0.296 -0.088
316 420   -0.184 -0.08
462 404   -0.038 -0.096
725 387    0.225 -0.113
804 383    0.304 -0.117
904 416    0.404 -0.084
937 483    0.437 -0.017
875 550   0.375 0.05
745 558   0.245 0.058
629 545   0.129 0.045
500 545       0 0.045
358 545   -0.142 0.045
250 575   -0.25 0.075
204 641   -0.296 0.141
220 708   -0.28 0.208
329 745   -0.171 0.245
566 812   0.066 0.312
712 783   0.212 0.283
870 816    0.37 0.316
883 858   0.383 0.358
712 904   0.212 0.404
483 908   -0.017 0.408
362 912   -0.138 0.412
229 912   -0.271 0.412
133 812   -0.367 0.312
112 708   -0.388 0.208
50 533   -0.45 0.033
37 404   -0.463 -0.096
75 129   -0.425 -0.371
116 125   -0.384 -0.375
191 141   -0.309 -0.359
279 225   -0.221 -0.275
320 458    -0.18 -0.042
350 612   -0.15 0.112
383 733   -0.117 0.233
512 804   0.012 0.304
570 729    0.07 0.229
554 429    0.054 -0.071
504 258    0.004 -0.242
587 216    0.087 -0.284
658 366    0.158 -0.134
683 525   0.183 0.025
729 662   0.229 0.162
779 783   0.279 0.283
929 945   0.429 0.445
954 662   0.454 0.162
916 470   0.416 -0.03
879 295    0.379 -0.205
725 204    0.225 -0.296
658 170   0.158 -0.33
408 95   -0.092 -0.405
437 150   -0.063 -0.35
620 183     0.12 -0.317
762 91    0.262 -0.409
820 83     0.32 -0.417
870 304     0.37 -0.196
833 691   0.333 0.191
708 741   0.208 0.241
687 858   0.187 0.358
300 862    -0.2 0.362
125 891   -0.375 0.391
133 920   -0.367 0.42
491 900   -0.009 0.4
458 850   -0.042 0.35
320 854   -0.18 0.354
316 750   -0.184 0.25
554 762   0.054 0.262
945 808   0.445 0.308
1050 870   0.55 0.37
812 837   0.312 0.337
650 912    0.15 0.412
545 954   0.045 0.454
800 945     0.3 0.445


